10
28239165316768
807
10
864
845664
845664
0
0
15
806
806
22284
12
15
13
40
8
12
6
26
0
0
770664
21473517519
1
936552
936552
676
1040964
0
897
0
19073
615
640
897
644
369707520
26349
27737966247
797528965
1
1
774724615136
21686830
1004
0
654092
0
21315
1060680618789
13
1
21315
23439495754
968428
863631176
22306676742648454
22306676742648454
14
801
14
678436660810
12
718249937441
945760
1396687544023
909
909
31342
31342
623
3
14
9
26
11
11
11
33
0
21479
0
924768207
640940693446
32079747
0
0
26804246468
18908574699
1
674529
674529
3
7
7
147
4
8
8
256
4
11
7
308
711
940
8
30374
11
18950780462
18950811795
707
31566631691852
7
0
0
12
14
4
30
8
13
13
34
7
12
12
31
31620
27444083497
27444083497
1
19757807
19757807
31243
20193134282
20193165525
686
874
0
24160
0
576194
576194
0
810637
0
4
9
9
22
9
11
11
31
1
4
4
711435
845320
845320
934
841
975
9
775
5341850133750
719
679
488201
27879073
19866587010716518
600398499
34021888551
1
19866587010716518
25840548
3
649195
612
30442
3
685677
20323000839
709
6
20323000839
22600324
908
908
0
0
682
911
32329
33922
27138
587
968
736
586
245069287936
745347
872354
872354
872354
872354
872354
872354
872354
872354
872354
872354
872354
872354
872354
872354
872354
872354
872354
872354
872354
872354
872354
937
12
13
13
38
9
2
10
21
1
937
5
771
771
4
10
7
21
15
4
7
26
0
939186986
0
667935493
29420
29420
0
0
2
836
32937691876
840
22061
32937691876
1000
30656
28261854604162
0
0
42181138351188143
